draw-line MAIN:MyCanvas MAIN:L 16 502 591 536 0.7172183482 0.1373650758 0.8586263451
draw-rect MAIN:MyCanvas MAIN:R 523 234 3 24 0.6176566014 0.9453425701 0.2760533361
fill-rect MAIN:MyCanvas MAIN:R 258 498 45 51 0.6214563812 0.2315625955 0.8669752236
draw-round-rect MAIN:MyCanvas MAIN:R 542 210 85 9 15 22 0.1881797189 0.03781205837 0.3124241835
fill-round-rect MAIN:MyCanvas MAIN:R 349 41 9 47 36 32 0.6080148763 0.7610766002 0.6327902147
draw-circle MAIN:MyCanvas MAIN:C 624 512 87 0.5928065854 0.746413262 0.1495621256
fill-circle MAIN:MyCanvas MAIN:C 637 336 60 0.5143494697 0.1474865461 0.8405342036
draw-ellipse MAIN:MyCanvas MAIN:E 244 636 16 23 0.09035930833 0.5656357531 0.7972633651
fill-ellipse MAIN:MyCanvas MAIN:E 178 386 10 82 0.6677395765 0.206553029 0.2956622859
draw-arc MAIN:MyCanvas MAIN:A 364 13 90 33 235 316 0.1323371232 0.5269358622 0.4716337311
fill-arc MAIN:MyCanvas MAIN:A 562 432 46 40 102 353 0.5522670967 0.1260037986 0.3633426597
